simulations: 1000
initial_capital: 1000
median_final_equity: 1467.4904005821313
ruin_probability: 0.162
prob_dd_gt_20: 0.739
VaR_95: 782.8971288164412
worst_case_dd: -0.6539320895567662
