simulations: 1000
initial_capital: 1000
median_final_equity: 1460.8655004004804
ruin_probability: 0.159
prob_dd_gt_20: 0.743
VaR_95: 800.9198209794008
worst_case_dd: -0.6859845064148274
