simulations: 1000
initial_capital: 1000
median_final_equity: 1436.603387136725
ruin_probability: 0.167
prob_dd_gt_20: 0.723
VaR_95: 747.5803589105154
worst_case_dd: -0.6051538121940736
