simulations: 1000
initial_capital: 1000
median_final_equity: 1227.3280522795599
ruin_probability: 0.291
prob_dd_gt_20: 0.869
VaR_95: 647.9600665704638
worst_case_dd: -0.7208954310691915
