simulations: 1000
initial_capital: 1000
median_final_equity: 1005.9324414567599
ruin_probability: 0.452
prob_dd_gt_20: 0.0
VaR_95: 935.538310633317
worst_case_dd: -0.13409385277491312
annualized_yield_pct: 0.6023836651217082
