simulations: 1000
initial_capital: 1000
median_final_equity: 1496.3526350090006
ruin_probability: 0.0
prob_dd_gt_20: 0.0
VaR_95: 1449.8000312874515
worst_case_dd: -0.023061272601922624
