simulations: 1000
initial_capital: 1000
median_final_equity: 609.7823847631973
ruin_probability: 0.963
prob_dd_gt_20: 0.976
VaR_95: 412.9960392461207
worst_case_dd: -0.679795563573975
